1 0.500000 0.379861 0.175000 0.223611
1 0.885156 0.343056 0.159375 0.311111
1 0.083594 0.630556 0.146875 0.197222
1 0.203516 0.587500 0.105469 0.341667
1 0.322656 0.603472 0.112500 0.295833
1 0.088281 0.304861 0.082813 0.320833
1 0.315625 0.139583 0.170312 0.140278
1 0.474219 0.155556 0.125000 0.194444
1 0.665625 0.270139 0.132812 0.193056
1 0.687891 0.777083 0.103906 0.276389
1 0.824609 0.750694 0.097656 0.281944
1 0.364844 0.880556 0.109375 0.230556
1 0.523047 0.875000 0.196094 0.177778
1 0.135937 0.922917 0.207813 0.154167
