9 0.282813 0.822917 0.142188 0.209722
9 0.371484 0.648611 0.136719 0.186111
9 0.462891 0.462500 0.103906 0.183333
9 0.540234 0.349306 0.133594 0.195833
9 0.626562 0.210417 0.139062 0.165278
9 0.075391 0.854167 0.124219 0.191667
9 0.151172 0.716667 0.108594 0.188889
9 0.236719 0.580556 0.104687 0.191667
9 0.319531 0.405556 0.156250 0.191667
9 0.405078 0.254167 0.155469 0.222222
9 0.478906 0.127778 0.132812 0.194444
9 0.072266 0.504167 0.130469 0.202778
9 0.126563 0.361111 0.126563 0.205556
9 0.215234 0.221528 0.163281 0.231944
9 0.303516 0.077083 0.141406 0.145833
