9 0.422266 0.874306 0.200781 0.126389
9 0.448438 0.673611 0.184375 0.130556
9 0.478906 0.505556 0.140625 0.138889
9 0.514844 0.354167 0.178125 0.138889
9 0.555859 0.195139 0.167969 0.140278
9 0.342578 0.240972 0.144531 0.120833
9 0.324219 0.379167 0.184375 0.116667
9 0.290625 0.551389 0.181250 0.133333
9 0.256250 0.730556 0.123438 0.130556
9 0.223047 0.897222 0.175781 0.133333
9 0.386719 0.113889 0.142188 0.097222
9 0.104297 0.487500 0.183594 0.163889
9 0.128516 0.336111 0.142969 0.133333
9 0.169922 0.206250 0.136719 0.134722
9 0.210156 0.076389 0.146875 0.119444
9 0.067969 0.660417 0.121875 0.156944
9 0.075391 0.802083 0.097656 0.151389
9 0.048828 0.938194 0.097656 0.104167
