9 0.080469 0.760417 0.160938 0.201389
9 0.169141 0.682639 0.158594 0.212500
9 0.321094 0.420833 0.135937 0.216667
9 0.241016 0.552778 0.136719 0.191667
9 0.405859 0.303472 0.188281 0.195833
9 0.563281 0.165278 0.173438 0.172222
9 0.656641 0.085417 0.117969 0.168056
9 0.814844 0.195139 0.139062 0.193056
9 0.907422 0.100694 0.152344 0.187500
9 0.724219 0.326389 0.156250 0.125000
9 0.583984 0.468056 0.152344 0.236111
9 0.774609 0.538194 0.163281 0.190278
9 0.908594 0.406250 0.165625 0.187500
9 0.654297 0.686806 0.171094 0.168056
9 0.526563 0.803472 0.150000 0.165278
9 0.456250 0.901389 0.185937 0.169444
9 0.455078 0.603472 0.157031 0.184722
9 0.363672 0.708333 0.157031 0.163889
9 0.279297 0.820833 0.100781 0.188889
9 0.194141 0.943750 0.163281 0.120833
