9 0.085938 0.565972 0.117188 0.184722
9 0.189844 0.518056 0.085938 0.141667
9 0.277344 0.441667 0.093750 0.147222
9 0.390625 0.381250 0.135937 0.190278
9 0.499219 0.353472 0.118750 0.168056
9 0.587109 0.312500 0.092969 0.163889
9 0.669531 0.263889 0.103125 0.138889
9 0.760938 0.227083 0.131250 0.190278
9 0.813672 0.388194 0.111719 0.140278
9 0.739062 0.440278 0.104687 0.150000
9 0.633594 0.463889 0.106250 0.138889
9 0.560938 0.509028 0.121875 0.145833
9 0.446484 0.586111 0.136719 0.158333
9 0.333984 0.649306 0.100781 0.148611
9 0.232031 0.702778 0.107813 0.141667
9 0.146484 0.751389 0.117969 0.166667
9 0.315625 0.845833 0.126563 0.141667
9 0.445312 0.765972 0.115625 0.129167
9 0.545703 0.675694 0.116406 0.156944
9 0.658203 0.636806 0.133594 0.143056
9 0.748828 0.593056 0.102344 0.150000
