9 0.217969 0.261111 0.189063 0.133333
9 0.382031 0.203472 0.156250 0.123611
9 0.540625 0.223611 0.190625 0.163889
9 0.596094 0.398611 0.196875 0.152778
9 0.618750 0.621528 0.159375 0.179167
9 0.669922 0.814583 0.157031 0.140278
9 0.476562 0.776389 0.142188 0.122222
9 0.521875 0.929167 0.140625 0.105556
9 0.444531 0.554167 0.146875 0.191667
9 0.425000 0.352778 0.178125 0.125000
9 0.244922 0.429167 0.155469 0.141667
9 0.272266 0.607639 0.158594 0.184722
9 0.299609 0.796528 0.197656 0.148611
9 0.352734 0.943750 0.135156 0.106944
9 0.198437 0.092361 0.145313 0.101389
9 0.368750 0.064583 0.129688 0.106944
9 0.537891 0.063194 0.153906 0.126389
