9 0.649219 0.303472 0.146875 0.259722
9 0.501172 0.250694 0.103906 0.181944
9 0.393359 0.177083 0.100781 0.176389
9 0.276953 0.130556 0.117969 0.205556
9 0.175000 0.097222 0.121875 0.172222
9 0.069531 0.234722 0.100000 0.219444
9 0.174219 0.318056 0.103125 0.194444
9 0.261719 0.356250 0.101562 0.218056
9 0.384375 0.424306 0.115625 0.204167
9 0.526172 0.493750 0.107031 0.173611
9 0.635938 0.554167 0.123438 0.200000
9 0.733984 0.645139 0.132031 0.231944
9 0.662891 0.822222 0.124219 0.202778
9 0.566797 0.776389 0.121094 0.200000
9 0.447656 0.723611 0.117188 0.216667
9 0.327734 0.661806 0.135156 0.265278
9 0.223438 0.596528 0.131250 0.201389
9 0.128906 0.543750 0.117188 0.220833
9 0.045313 0.448611 0.084375 0.200000
