9 0.445703 0.315972 0.178906 0.134722
9 0.555469 0.095139 0.195312 0.126389
9 0.768750 0.092361 0.198437 0.131944
9 0.615625 0.219444 0.167187 0.100000
9 0.480859 0.456944 0.169531 0.141667
9 0.508203 0.595833 0.155469 0.127778
9 0.519141 0.751389 0.191406 0.155556
9 0.546875 0.925000 0.189063 0.150000
9 0.705078 0.820139 0.142969 0.120833
9 0.726172 0.951389 0.174219 0.097222
9 0.689453 0.650694 0.194531 0.181944
9 0.664062 0.477778 0.215625 0.155556
9 0.628125 0.317361 0.168750 0.095833
9 0.810547 0.313889 0.163281 0.122222
9 0.792969 0.210417 0.185937 0.087500
9 0.868750 0.456944 0.179688 0.111111
9 0.869531 0.592361 0.187500 0.143056
9 0.894141 0.761111 0.135156 0.141667
9 0.910547 0.897222 0.163281 0.116667
