9 0.229687 0.709028 0.118750 0.215278
9 0.357031 0.558333 0.129688 0.261111
9 0.466016 0.428472 0.094531 0.195833
9 0.561328 0.360417 0.133594 0.181944
9 0.691406 0.279861 0.137500 0.195833
9 0.076172 0.556944 0.122656 0.227778
9 0.183984 0.470833 0.099219 0.200000
9 0.298438 0.365278 0.145313 0.175000
9 0.423047 0.259028 0.133594 0.220833
9 0.528906 0.168750 0.118750 0.170833
9 0.630859 0.118056 0.135156 0.177778
9 0.733594 0.075000 0.135937 0.141667
9 0.075391 0.315278 0.100781 0.169444
9 0.206641 0.204861 0.157031 0.206944
9 0.312109 0.115278 0.099219 0.213889
9 0.426953 0.067361 0.132031 0.126389
