9 0.764844 0.470833 0.103125 0.188889
9 0.630859 0.452083 0.142969 0.226389
9 0.474609 0.448611 0.086719 0.169444
9 0.311719 0.455556 0.118750 0.197222
9 0.115234 0.481250 0.144531 0.223611
9 0.072266 0.255556 0.099219 0.163889
9 0.210547 0.253472 0.103906 0.162500
9 0.399219 0.240278 0.145313 0.202778
9 0.547266 0.231944 0.107031 0.213889
9 0.692187 0.231250 0.087500 0.190278
9 0.812891 0.299306 0.086719 0.173611
9 0.945312 0.294444 0.095312 0.275000
9 0.915234 0.084028 0.119531 0.156944
9 0.794922 0.060417 0.097656 0.112500
9 0.682031 0.053472 0.093750 0.084722
9 0.558594 0.046528 0.107813 0.084722
9 0.416016 0.063194 0.142969 0.104167
9 0.243750 0.052778 0.109375 0.097222
9 0.107813 0.049306 0.101562 0.073611
