9 0.350000 0.620833 0.156250 0.158333
9 0.478125 0.497222 0.153125 0.133333
9 0.595312 0.376389 0.123438 0.127778
9 0.674609 0.281250 0.194531 0.151389
9 0.763281 0.159028 0.181250 0.126389
9 0.407422 0.870833 0.196094 0.152778
9 0.478125 0.750694 0.148438 0.120833
9 0.558984 0.634028 0.155469 0.126389
9 0.672266 0.509028 0.163281 0.154167
9 0.766016 0.410417 0.169531 0.120833
9 0.854297 0.297222 0.153906 0.116667
9 0.913281 0.191667 0.126563 0.169444
9 0.948828 0.081250 0.102344 0.151389
9 0.575000 0.938889 0.164062 0.136111
9 0.650391 0.842361 0.149219 0.129167
9 0.741406 0.745139 0.175000 0.129167
9 0.828906 0.613889 0.164062 0.172222
9 0.914844 0.503472 0.145313 0.123611
9 0.949609 0.370833 0.100781 0.111111
