9 0.452344 0.279861 0.151562 0.143056
9 0.452734 0.456250 0.186719 0.170833
9 0.457031 0.611806 0.132812 0.118056
9 0.478906 0.815972 0.173438 0.154167
9 0.313672 0.729167 0.146094 0.152778
9 0.297656 0.547917 0.150000 0.134722
9 0.283984 0.377778 0.122656 0.133333
9 0.287109 0.226389 0.128906 0.108333
9 0.307813 0.089583 0.150000 0.126389
9 0.112500 0.112500 0.153125 0.141667
9 0.130078 0.253472 0.155469 0.123611
9 0.137891 0.399306 0.136719 0.109722
9 0.125000 0.545833 0.139062 0.122222
9 0.133203 0.722917 0.150781 0.148611
9 0.146484 0.904861 0.135156 0.123611
9 0.326172 0.909722 0.116406 0.119444
9 0.494141 0.968750 0.163281 0.062500
