9 0.753906 0.398611 0.157813 0.225000
9 0.578516 0.424306 0.135156 0.165278
9 0.421484 0.432639 0.097656 0.165278
9 0.294141 0.448611 0.116406 0.177778
9 0.171484 0.448611 0.099219 0.200000
9 0.031641 0.613194 0.063281 0.195833
9 0.127344 0.633333 0.109375 0.155556
9 0.251172 0.656944 0.124219 0.175000
9 0.358594 0.637500 0.109375 0.177778
9 0.514844 0.636806 0.160938 0.179167
9 0.657422 0.588194 0.082031 0.143056
9 0.793359 0.600000 0.113281 0.169444
9 0.917969 0.609028 0.101562 0.162500
9 0.917969 0.812500 0.131250 0.233333
9 0.771484 0.810417 0.092969 0.184722
9 0.655078 0.820139 0.103906 0.184722
9 0.506250 0.825000 0.135937 0.172222
9 0.361328 0.836111 0.097656 0.163889
9 0.252344 0.834722 0.103125 0.144444
9 0.146484 0.817361 0.092969 0.165278
9 0.048047 0.825694 0.088281 0.176389
