9 0.187500 0.686111 0.107813 0.205556
9 0.314063 0.598611 0.103125 0.166667
9 0.418359 0.519444 0.086719 0.163889
9 0.543750 0.436806 0.118750 0.237500
9 0.670703 0.372917 0.103906 0.190278
9 0.753906 0.304167 0.090625 0.186111
9 0.881641 0.252778 0.110156 0.191667
9 0.947656 0.207639 0.096875 0.154167
9 0.247656 0.825694 0.100000 0.206944
9 0.369531 0.779167 0.095312 0.186111
9 0.507422 0.702083 0.096094 0.143056
9 0.628516 0.609028 0.150781 0.212500
9 0.763672 0.531250 0.121094 0.176389
9 0.866797 0.447222 0.114844 0.169444
9 0.969141 0.398611 0.053906 0.183333
9 0.512891 0.885417 0.157031 0.184722
9 0.638672 0.784722 0.130469 0.166667
9 0.785156 0.713889 0.120312 0.147222
9 0.913281 0.631250 0.110937 0.184722
