9 0.467578 0.821528 0.121094 0.151389
9 0.455469 0.622222 0.153125 0.177778
9 0.453125 0.450000 0.139062 0.130556
9 0.440625 0.204861 0.143750 0.159722
9 0.295312 0.109028 0.112500 0.143056
9 0.297656 0.339583 0.140625 0.215278
9 0.305859 0.554861 0.157031 0.168056
9 0.320312 0.736111 0.120312 0.163889
9 0.342578 0.899306 0.153906 0.145833
9 0.182422 0.923611 0.141406 0.138889
9 0.161328 0.745833 0.142969 0.152778
9 0.153125 0.586111 0.145313 0.166667
9 0.139453 0.390278 0.152344 0.197222
9 0.125000 0.180556 0.131250 0.155556
