9 0.076172 0.161806 0.121094 0.245833
9 0.201172 0.179167 0.105469 0.191667
9 0.311719 0.209028 0.121875 0.193056
9 0.432031 0.239583 0.125000 0.290278
9 0.551562 0.266667 0.096875 0.197222
9 0.645312 0.300694 0.084375 0.240278
9 0.741406 0.321528 0.096875 0.223611
9 0.840625 0.347917 0.114063 0.218056
9 0.845312 0.631250 0.109375 0.254167
9 0.738281 0.559028 0.087500 0.190278
9 0.635938 0.524306 0.078125 0.193056
9 0.531250 0.509722 0.092188 0.227778
9 0.397266 0.495833 0.121094 0.230556
9 0.261328 0.465278 0.100781 0.169444
9 0.142578 0.446528 0.091406 0.215278
9 0.052734 0.410417 0.072656 0.254167
9 0.164844 0.688194 0.118750 0.229167
9 0.312891 0.700000 0.102344 0.216667
9 0.437109 0.752083 0.089844 0.204167
9 0.566797 0.758333 0.116406 0.258333
9 0.663672 0.799306 0.080469 0.218056
