9 0.535547 0.088889 0.191406 0.169444
9 0.407813 0.234028 0.148438 0.193056
9 0.248437 0.322222 0.128125 0.169444
9 0.138672 0.427083 0.133594 0.179167
9 0.053516 0.513889 0.100781 0.186111
9 0.795703 0.137500 0.139844 0.197222
9 0.890625 0.308333 0.184375 0.225000
9 0.685938 0.229861 0.121875 0.181944
9 0.572266 0.309722 0.122656 0.183333
9 0.442187 0.421528 0.175000 0.173611
9 0.316406 0.543056 0.181250 0.155556
9 0.212500 0.650000 0.157813 0.152778
9 0.117188 0.711806 0.137500 0.140278
9 0.135156 0.915278 0.115625 0.150000
9 0.229297 0.871528 0.111719 0.143056
9 0.324219 0.816667 0.125000 0.150000
9 0.427344 0.706944 0.140625 0.169444
9 0.544141 0.643056 0.155469 0.219444
9 0.669531 0.511806 0.092188 0.168056
9 0.781250 0.426389 0.159375 0.188889
