9 0.870703 0.393056 0.111719 0.163889
9 0.873047 0.183333 0.130469 0.163889
9 0.754687 0.177083 0.110937 0.151389
9 0.654297 0.159028 0.107031 0.159722
9 0.545703 0.136806 0.085156 0.201389
9 0.413672 0.154167 0.124219 0.188889
9 0.254687 0.147222 0.109375 0.169444
9 0.143359 0.166667 0.089844 0.161111
9 0.042969 0.163889 0.078125 0.200000
9 0.033203 0.338194 0.066406 0.168056
9 0.112500 0.364583 0.090625 0.190278
9 0.244531 0.377083 0.114063 0.145833
9 0.383984 0.348611 0.100781 0.180556
9 0.540625 0.359028 0.112500 0.176389
9 0.652734 0.345833 0.092969 0.144444
9 0.764063 0.359028 0.095312 0.126389
9 0.721484 0.536806 0.100781 0.190278
9 0.580859 0.524306 0.110156 0.154167
9 0.471484 0.529167 0.105469 0.144444
9 0.325391 0.527778 0.121094 0.147222
9 0.151172 0.543056 0.147656 0.169444
