9 0.278516 0.190278 0.092969 0.211111
9 0.394141 0.275000 0.099219 0.252778
9 0.525781 0.358333 0.106250 0.213889
9 0.664453 0.435417 0.108594 0.229167
9 0.826563 0.525000 0.118750 0.236111
9 0.885547 0.827778 0.127344 0.200000
9 0.780859 0.735417 0.113281 0.206944
9 0.663672 0.656250 0.130469 0.195833
9 0.509375 0.563194 0.151562 0.209722
9 0.366016 0.479167 0.116406 0.247222
9 0.242969 0.408333 0.112500 0.222222
9 0.137500 0.313194 0.112500 0.193056
9 0.059766 0.227778 0.119531 0.219444
9 0.657031 0.883333 0.117188 0.194444
9 0.792188 0.926389 0.126563 0.122222
9 0.534375 0.827083 0.157813 0.193056
9 0.386719 0.736111 0.146875 0.225000
9 0.251953 0.654167 0.114844 0.197222
9 0.151953 0.585417 0.124219 0.218056
9 0.058984 0.511806 0.103906 0.220833
