9 0.139844 0.391667 0.148438 0.211111
9 0.218359 0.211806 0.100781 0.212500
9 0.312500 0.287500 0.101562 0.158333
9 0.437109 0.336806 0.107031 0.181944
9 0.429688 0.124306 0.154687 0.220833
9 0.571094 0.201389 0.117188 0.200000
9 0.704297 0.301389 0.117969 0.222222
9 0.929297 0.429861 0.110156 0.206944
9 0.802344 0.373611 0.120312 0.205556
9 0.276172 0.474306 0.121094 0.190278
9 0.377344 0.561806 0.129688 0.184722
9 0.494141 0.625694 0.149219 0.193056
9 0.612109 0.694444 0.128906 0.200000
9 0.712109 0.764583 0.122656 0.193056
9 0.797656 0.815278 0.120312 0.216667
9 0.904688 0.870139 0.117188 0.198611
9 0.554688 0.414583 0.176563 0.193056
9 0.688672 0.536806 0.132031 0.179167
9 0.789453 0.571528 0.121094 0.176389
9 0.896484 0.622222 0.139844 0.147222
