9 0.112891 0.556944 0.186719 0.194444
9 0.199609 0.451389 0.141406 0.141667
9 0.287500 0.307639 0.114063 0.179167
9 0.391016 0.168750 0.191406 0.223611
9 0.476562 0.076389 0.131250 0.144444
9 0.248437 0.747917 0.148438 0.201389
9 0.319922 0.613889 0.171094 0.152778
9 0.426172 0.495833 0.133594 0.200000
9 0.514453 0.314583 0.177344 0.173611
9 0.629297 0.179861 0.192969 0.162500
9 0.683203 0.074306 0.149219 0.126389
9 0.842578 0.147917 0.132031 0.168056
9 0.765234 0.248611 0.164844 0.180556
9 0.691016 0.390278 0.163281 0.158333
9 0.584375 0.525694 0.181250 0.179167
9 0.494531 0.702778 0.162500 0.200000
