9 0.414844 0.781250 0.110937 0.159722
9 0.416406 0.579861 0.125000 0.198611
9 0.404687 0.406250 0.135937 0.112500
9 0.398828 0.197917 0.128906 0.159722
9 0.526953 0.087500 0.117969 0.130556
9 0.550000 0.293750 0.137500 0.226389
9 0.545703 0.506944 0.122656 0.158333
9 0.545703 0.667361 0.125781 0.151389
9 0.541016 0.840972 0.111719 0.151389
9 0.540234 0.956250 0.136719 0.087500
9 0.681250 0.087500 0.118750 0.175000
9 0.694531 0.319444 0.134375 0.202778
9 0.703906 0.501389 0.160938 0.125000
9 0.693750 0.661806 0.132812 0.134722
9 0.699609 0.795139 0.157031 0.131944
9 0.680469 0.930556 0.131250 0.111111
9 0.388672 0.047917 0.122656 0.073611
