4 0.610156 0.093750 0.109375 0.129167
4 0.571484 0.200694 0.089844 0.123611
4 0.534375 0.287500 0.098438 0.122222
4 0.526563 0.356944 0.093750 0.088889
4 0.503906 0.432639 0.068750 0.084722
4 0.489844 0.475000 0.067188 0.077778
4 0.474609 0.518750 0.060156 0.093056
4 0.466797 0.553472 0.066406 0.098611
4 0.441016 0.566667 0.053906 0.083333
4 0.454688 0.611806 0.067188 0.056944
4 0.432422 0.634722 0.058594 0.080556
4 0.426953 0.670833 0.058594 0.061111
4 0.405859 0.693056 0.055469 0.055556
4 0.399219 0.711806 0.056250 0.048611
4 0.391797 0.747917 0.052344 0.048611
