4 0.623047 0.587500 0.108594 0.380556
4 0.739062 0.709722 0.104687 0.272222
4 0.505469 0.545833 0.075000 0.322222
4 0.435156 0.522917 0.064062 0.273611
4 0.378906 0.491667 0.060938 0.233333
4 0.327734 0.481250 0.047656 0.234722
4 0.296875 0.478472 0.032812 0.226389
4 0.270312 0.445139 0.031250 0.173611
4 0.239063 0.429861 0.032812 0.129167
4 0.207031 0.432639 0.026563 0.143056
4 0.182422 0.391667 0.028906 0.125000
4 0.157813 0.403472 0.023438 0.118056
4 0.136719 0.377083 0.025000 0.087500
4 0.115234 0.385417 0.024219 0.104167
