4 0.321875 0.045139 0.121875 0.087500
4 0.415625 0.120833 0.129688 0.205556
4 0.480469 0.188194 0.101562 0.151389
4 0.523828 0.283333 0.113281 0.113889
4 0.551953 0.359028 0.097656 0.104167
4 0.573047 0.414583 0.064844 0.118056
4 0.605078 0.447222 0.063281 0.083333
4 0.625000 0.471528 0.062500 0.101389
4 0.628906 0.517361 0.039062 0.079167
4 0.649219 0.537500 0.056250 0.083333
4 0.665625 0.564583 0.042188 0.084722
4 0.679297 0.594444 0.050781 0.058333
4 0.696484 0.629167 0.039844 0.061111
4 0.710156 0.638889 0.050000 0.052778
4 0.730078 0.677083 0.050781 0.037500
