4 0.654297 0.913194 0.105469 0.104167
4 0.674219 0.776389 0.109375 0.077778
4 0.684766 0.686111 0.100781 0.069444
4 0.697266 0.604861 0.082031 0.068056
4 0.711328 0.546528 0.085156 0.059722
4 0.706641 0.476389 0.060156 0.055556
4 0.711719 0.431944 0.050000 0.041667
4 0.727734 0.406250 0.078906 0.054167
4 0.742578 0.365278 0.067969 0.038889
4 0.731641 0.324306 0.049219 0.020833
4 0.744922 0.297917 0.063281 0.043056
4 0.742969 0.269444 0.045313 0.025000
4 0.742578 0.243056 0.049219 0.027778
4 0.757422 0.216667 0.036719 0.025000
4 0.758594 0.193056 0.043750 0.030556
4 0.758594 0.153472 0.043750 0.031944
