4 0.726953 0.137500 0.110156 0.227778
4 0.626562 0.223611 0.107813 0.269444
4 0.531250 0.320833 0.075000 0.213889
4 0.465234 0.367361 0.057031 0.176389
4 0.411328 0.430556 0.049219 0.172222
4 0.373437 0.461806 0.046875 0.181944
4 0.343359 0.484028 0.027344 0.120833
4 0.318359 0.514583 0.035156 0.112500
4 0.296094 0.534028 0.029687 0.090278
4 0.275000 0.543056 0.023438 0.088889
4 0.260547 0.553472 0.027344 0.098611
4 0.251953 0.593056 0.024219 0.086111
4 0.233594 0.575000 0.023438 0.077778
4 0.220703 0.605556 0.025781 0.088889
4 0.192188 0.629861 0.018750 0.062500
4 0.201562 0.616667 0.017188 0.086111
4 0.166406 0.650000 0.009375 0.050000
4 0.179688 0.650000 0.014062 0.061111
