4 0.869531 0.107639 0.140625 0.206944
4 0.815625 0.158333 0.148438 0.205556
4 0.720312 0.222222 0.095312 0.169444
4 0.691797 0.254861 0.099219 0.165278
4 0.642578 0.288889 0.074219 0.150000
4 0.619922 0.318750 0.085156 0.134722
4 0.582031 0.350694 0.050000 0.129167
4 0.557031 0.386111 0.046875 0.102778
4 0.553516 0.405556 0.061719 0.108333
4 0.515625 0.401389 0.054688 0.111111
4 0.518359 0.428472 0.050781 0.123611
4 0.491406 0.434028 0.043750 0.106944
4 0.481641 0.470833 0.058594 0.108333
4 0.461719 0.469444 0.040625 0.122222
4 0.444922 0.488194 0.041406 0.095833
4 0.416406 0.504861 0.037500 0.084722
