4 0.295312 0.830556 0.110937 0.188889
4 0.408984 0.768056 0.128906 0.250000
4 0.499609 0.684028 0.103906 0.190278
4 0.549219 0.590972 0.093750 0.159722
4 0.594531 0.549306 0.068750 0.137500
4 0.641016 0.487500 0.071094 0.127778
4 0.665625 0.473611 0.064062 0.122222
4 0.681641 0.445139 0.066406 0.101389
4 0.710547 0.425694 0.060156 0.093056
4 0.716016 0.395139 0.061719 0.070833
4 0.735547 0.363194 0.047656 0.068056
4 0.767187 0.345833 0.040625 0.072222
4 0.778125 0.316667 0.062500 0.077778
4 0.817969 0.288889 0.035937 0.097222
