4 0.952344 0.322917 0.095312 0.381944
4 0.824219 0.264583 0.101562 0.304167
4 0.734375 0.264583 0.060938 0.243056
4 0.662891 0.235417 0.067969 0.215278
4 0.609375 0.216667 0.060938 0.202778
4 0.565234 0.193056 0.049219 0.202778
4 0.531250 0.172222 0.040625 0.180556
4 0.501172 0.160417 0.032031 0.140278
4 0.457812 0.161806 0.031250 0.134722
4 0.426562 0.111111 0.028125 0.122222
4 0.408984 0.137500 0.033594 0.113889
4 0.383984 0.115972 0.021094 0.104167
4 0.358594 0.100694 0.026563 0.093056
4 0.333203 0.095139 0.022656 0.101389
