4 0.699219 0.112500 0.156250 0.166667
4 0.694531 0.238194 0.145313 0.162500
4 0.676172 0.352778 0.119531 0.138889
4 0.667188 0.427083 0.120312 0.131944
4 0.659766 0.499306 0.094531 0.112500
4 0.658203 0.549306 0.100781 0.106944
4 0.641406 0.597917 0.090625 0.101389
4 0.649219 0.640972 0.073437 0.079167
4 0.636719 0.668750 0.075000 0.093056
4 0.648047 0.709028 0.063281 0.068056
4 0.633984 0.721528 0.058594 0.081944
4 0.641406 0.760417 0.067188 0.045833
4 0.635156 0.783333 0.056250 0.072222
4 0.635938 0.797222 0.057813 0.069444
4 0.620313 0.813889 0.048437 0.077778
4 0.633203 0.838889 0.046094 0.050000
4 0.627344 0.885417 0.040625 0.048611
