3 0.513672 0.770139 0.127344 0.351389
3 0.705078 0.595833 0.135156 0.477778
3 0.858203 0.652083 0.119531 0.356944
3 0.905078 0.344444 0.189844 0.188889
3 0.776563 0.137500 0.148438 0.241667
3 0.571094 0.257639 0.171875 0.487500
3 0.351172 0.431944 0.183594 0.338889
3 0.138281 0.511111 0.175000 0.158333
3 0.189063 0.706250 0.351562 0.251389
3 0.082422 0.865972 0.164844 0.195833
3 0.258594 0.918750 0.100000 0.162500
3 0.242188 0.188194 0.135937 0.348611
3 0.394922 0.077778 0.100781 0.136111
3 0.085938 0.261806 0.140625 0.170833
