3 0.430078 0.463194 0.146094 0.148611
3 0.539062 0.268750 0.173438 0.368056
3 0.751562 0.388889 0.157813 0.283333
3 0.540625 0.588889 0.293750 0.313889
3 0.734375 0.768056 0.154687 0.294444
3 0.519531 0.806250 0.203125 0.226389
3 0.297266 0.665972 0.155469 0.281944
3 0.269531 0.411806 0.135937 0.184722
3 0.339063 0.192361 0.153125 0.270833
3 0.901953 0.389583 0.088281 0.120833
3 0.812109 0.158333 0.225781 0.288889
3 0.607031 0.089583 0.146875 0.179167
3 0.939062 0.090278 0.118750 0.175000
3 0.299609 0.879167 0.189844 0.241667
3 0.572266 0.970833 0.138281 0.058333
3 0.753125 0.963194 0.196875 0.073611
