3 0.168359 0.514583 0.139844 0.312500
3 0.268359 0.343750 0.100781 0.268056
3 0.365625 0.127083 0.184375 0.101389
3 0.483594 0.312500 0.176563 0.113889
3 0.650391 0.229861 0.135156 0.365278
3 0.514453 0.491667 0.361719 0.194444
3 0.779688 0.486111 0.093750 0.269444
3 0.953516 0.329861 0.092969 0.420833
3 0.926953 0.638889 0.130469 0.138889
3 0.750781 0.728472 0.260938 0.179167
3 0.401563 0.627778 0.240625 0.183333
3 0.347656 0.845139 0.095312 0.195833
3 0.572266 0.751389 0.117969 0.291667
3 0.518359 0.936111 0.222656 0.127778
3 0.800781 0.148611 0.101562 0.288889
