3 0.321094 0.472917 0.181250 0.220833
3 0.228906 0.237500 0.067188 0.227778
3 0.414844 0.235417 0.125000 0.343056
3 0.642969 0.387500 0.129688 0.297222
3 0.449219 0.782639 0.110937 0.181944
3 0.428906 0.573611 0.246875 0.311111
3 0.555859 0.169444 0.152344 0.230556
3 0.878516 0.357639 0.152344 0.276389
3 0.823438 0.500000 0.189063 0.452778
3 0.691797 0.144444 0.099219 0.116667
3 0.918750 0.881944 0.117188 0.236111
3 0.732031 0.808333 0.170312 0.363889
3 0.609766 0.775694 0.113281 0.362500
3 0.295703 0.858333 0.132031 0.255556
3 0.163281 0.745139 0.104687 0.331944
3 0.961328 0.622222 0.077344 0.183333
