3 0.627344 0.671528 0.246875 0.187500
3 0.738281 0.333333 0.079687 0.308333
3 0.836328 0.519444 0.110156 0.302778
3 0.582031 0.295833 0.121875 0.080556
3 0.424219 0.175694 0.109375 0.343056
3 0.537891 0.476389 0.310156 0.172222
3 0.294922 0.473611 0.107031 0.330556
3 0.451172 0.774306 0.092969 0.337500
3 0.309375 0.744444 0.200000 0.194444
3 0.152734 0.606944 0.116406 0.125000
3 0.153906 0.279167 0.128125 0.494444
3 0.031250 0.318750 0.062500 0.323611
3 0.648438 0.893750 0.092188 0.193056
3 0.305859 0.138194 0.096094 0.248611
3 0.555469 0.091667 0.051562 0.175000
3 0.672266 0.100000 0.161719 0.108333
