3 0.870703 0.506944 0.188281 0.263889
3 0.727344 0.315278 0.214062 0.233333
3 0.743750 0.101389 0.246875 0.202778
3 0.465234 0.095139 0.296094 0.190278
3 0.478516 0.343056 0.228906 0.266667
3 0.439844 0.578472 0.115625 0.170833
3 0.575000 0.636111 0.250000 0.408333
3 0.628125 0.838889 0.167187 0.280556
3 0.795703 0.703472 0.205469 0.226389
3 0.272266 0.568056 0.096094 0.216667
3 0.288672 0.364583 0.180469 0.265278
3 0.260547 0.125000 0.122656 0.169444
3 0.351562 0.790278 0.178125 0.194444
3 0.373047 0.961111 0.144531 0.077778
3 0.874609 0.863889 0.182031 0.230556
3 0.700781 0.941667 0.089062 0.100000
