3 0.639063 0.215972 0.231250 0.151389
3 0.769922 0.470139 0.171094 0.162500
3 0.505859 0.448611 0.241406 0.194444
3 0.435547 0.187500 0.086719 0.280556
3 0.301562 0.687500 0.203125 0.191667
3 0.638672 0.722917 0.341406 0.262500
3 0.314453 0.277083 0.103906 0.534722
3 0.195703 0.137500 0.078906 0.241667
3 0.126172 0.327778 0.217969 0.191667
3 0.133203 0.631250 0.111719 0.351389
3 0.207031 0.871528 0.056250 0.140278
3 0.433594 0.911806 0.359375 0.176389
3 0.733203 0.950000 0.232031 0.116667
3 0.027734 0.159722 0.055469 0.113889
3 0.580469 0.075000 0.103125 0.133333
