3 0.121094 0.625000 0.093750 0.333333
3 0.210938 0.393750 0.092188 0.301389
3 0.377734 0.348611 0.178906 0.180556
3 0.439063 0.539583 0.351562 0.179167
3 0.710156 0.495139 0.101562 0.331944
3 0.848437 0.250694 0.145313 0.462500
3 0.971875 0.306250 0.056250 0.395833
3 0.858984 0.631944 0.132031 0.147222
3 0.701172 0.805556 0.217969 0.211111
3 0.539062 0.841667 0.100000 0.316667
3 0.347266 0.765278 0.252344 0.147222
3 0.331250 0.927778 0.160938 0.144444
3 0.292578 0.136806 0.174219 0.156944
3 0.556250 0.224306 0.151562 0.393056
3 0.687109 0.118750 0.096094 0.229167
3 0.403516 0.115278 0.099219 0.208333
