3 0.485156 0.256250 0.182812 0.179167
3 0.688672 0.467361 0.180469 0.179167
3 0.792969 0.815972 0.125000 0.151389
3 0.659375 0.806250 0.126563 0.387500
3 0.528516 0.690278 0.122656 0.561111
3 0.430469 0.820139 0.070312 0.220833
3 0.343750 0.555556 0.203125 0.200000
3 0.179297 0.379167 0.332031 0.275000
3 0.080469 0.119444 0.160938 0.194444
3 0.333594 0.095139 0.273438 0.184722
3 0.101562 0.671528 0.129688 0.176389
3 0.235938 0.817361 0.225000 0.151389
3 0.322656 0.952778 0.062500 0.094444
3 0.850781 0.505556 0.101562 0.333333
3 0.641016 0.218750 0.128906 0.354167
3 0.537109 0.051389 0.036719 0.080556
