3 0.483203 0.220833 0.078906 0.291667
3 0.357812 0.306250 0.157813 0.081944
3 0.444922 0.481250 0.099219 0.084722
3 0.591797 0.389583 0.085156 0.323611
3 0.592969 0.063194 0.079687 0.145833
3 0.845703 0.498611 0.097656 0.400000
3 0.964063 0.534722 0.071875 0.302778
3 0.724219 0.668750 0.084375 0.301389
3 0.728516 0.231250 0.135156 0.423611
3 0.867188 0.104861 0.104687 0.168056
3 0.949219 0.267361 0.101562 0.070833
3 0.292188 0.503472 0.089062 0.270833
3 0.205078 0.668056 0.089844 0.258333
3 0.386328 0.815972 0.192969 0.156944
3 0.490234 0.668056 0.288281 0.191667
3 0.695312 0.875000 0.173438 0.155556
3 0.537891 0.893056 0.091406 0.213889
3 0.373047 0.950000 0.105469 0.100000
3 0.837109 0.776389 0.107031 0.072222
