3 0.490234 0.344444 0.136719 0.197222
3 0.610547 0.181250 0.157031 0.287500
3 0.771484 0.222222 0.155469 0.336111
3 0.666406 0.658333 0.192188 0.316667
3 0.524219 0.605556 0.257812 0.475000
3 0.325781 0.463194 0.203125 0.298611
3 0.156250 0.118056 0.110937 0.169444
3 0.325000 0.141667 0.173438 0.266667
3 0.144531 0.458333 0.250000 0.525000
3 0.341016 0.872222 0.147656 0.205556
3 0.156250 0.875694 0.220313 0.248611
3 0.613672 0.925000 0.188281 0.150000
3 0.807813 0.763194 0.135937 0.259722
3 0.459375 0.104167 0.109375 0.208333
