3 0.679688 0.571528 0.148438 0.329167
3 0.781250 0.321528 0.121875 0.137500
3 0.694141 0.217361 0.300781 0.281944
3 0.903516 0.176389 0.122656 0.272222
3 0.925391 0.438889 0.149219 0.197222
3 0.857813 0.650694 0.140625 0.334722
3 0.824219 0.886111 0.103125 0.169444
3 0.414844 0.693056 0.170312 0.436111
3 0.637891 0.798611 0.232031 0.402778
3 0.477734 0.397222 0.132031 0.288889
3 0.412891 0.177083 0.205469 0.270833
3 0.564844 0.083333 0.103125 0.158333
3 0.317969 0.754167 0.157813 0.325000
3 0.234375 0.928472 0.075000 0.143056
3 0.323047 0.390972 0.107031 0.093056
