3 0.501562 0.238194 0.260938 0.251389
3 0.725781 0.272222 0.156250 0.230556
3 0.351562 0.130556 0.140625 0.233333
3 0.133984 0.140972 0.216406 0.201389
3 0.267578 0.364583 0.124219 0.209722
3 0.439453 0.516667 0.250781 0.213889
3 0.645312 0.567361 0.365625 0.334722
3 0.167187 0.509028 0.235938 0.490278
3 0.314063 0.847222 0.215625 0.236111
3 0.952344 0.385417 0.095312 0.190278
3 0.036328 0.553472 0.082031 0.256944
3 0.094922 0.897917 0.155469 0.204167
3 0.557813 0.892361 0.295312 0.237500
3 0.779297 0.938194 0.078906 0.123611
3 0.889453 0.706250 0.221094 0.287500
