3 0.608594 0.177778 0.246875 0.186111
3 0.795703 0.397917 0.100781 0.329167
3 0.682813 0.554861 0.126563 0.301389
3 0.480859 0.357639 0.321094 0.206944
3 0.329688 0.654167 0.120312 0.355556
3 0.508984 0.565972 0.153906 0.070833
3 0.580859 0.802778 0.141406 0.113889
3 0.446094 0.852778 0.092188 0.294444
3 0.228125 0.293750 0.121875 0.298611
3 0.130078 0.126389 0.091406 0.141667
3 0.062500 0.479861 0.125000 0.520833
3 0.289062 0.074306 0.221875 0.140278
3 0.423828 0.106944 0.100781 0.194444
3 0.038672 0.895139 0.077344 0.168056
3 0.168359 0.788194 0.122656 0.451389
