3 0.379687 0.286111 0.159375 0.344444
3 0.607422 0.507639 0.174219 0.351389
3 0.764453 0.299306 0.167969 0.187500
3 0.836719 0.629861 0.129688 0.287500
3 0.762891 0.891667 0.110156 0.211111
3 0.144531 0.690972 0.159375 0.343056
3 0.287109 0.632639 0.242969 0.554167
3 0.936719 0.147917 0.126563 0.279167
3 0.919922 0.415278 0.160156 0.191667
3 0.654297 0.168056 0.363281 0.308333
3 0.178516 0.247917 0.146094 0.140278
3 0.545313 0.788889 0.226562 0.422222
3 0.226562 0.962500 0.201562 0.075000
3 0.045703 0.863194 0.091406 0.179167
3 0.313281 0.079861 0.259375 0.137500
