3 0.431641 0.188194 0.210156 0.218056
3 0.650781 0.433333 0.214062 0.213889
3 0.762891 0.740278 0.146094 0.175000
3 0.623047 0.750694 0.133594 0.384722
3 0.386719 0.770139 0.082813 0.298611
3 0.264062 0.514583 0.265625 0.204167
3 0.075781 0.647222 0.151562 0.147222
3 0.163672 0.800694 0.225781 0.151389
3 0.271094 0.935417 0.079687 0.151389
3 0.482422 0.643056 0.128906 0.586111
3 0.137500 0.365972 0.273438 0.234722
3 0.258984 0.081944 0.283594 0.158333
3 0.599219 0.172917 0.117188 0.315278
3 0.828516 0.433333 0.133594 0.358333
3 0.053516 0.097917 0.107031 0.156944
