4 0.343359 0.565278 0.066406 0.127778
4 0.430859 0.559722 0.096094 0.161111
4 0.407031 0.258333 0.073437 0.155556
4 0.340625 0.271528 0.084375 0.154167
4 0.278516 0.292361 0.063281 0.151389
4 0.214453 0.321528 0.075781 0.154167
4 0.143750 0.350694 0.092188 0.179167
4 0.078516 0.359028 0.080469 0.162500
4 0.081641 0.637500 0.066406 0.136111
4 0.228516 0.600694 0.078906 0.134722
4 0.539844 0.513889 0.079687 0.158333
4 0.604688 0.491667 0.067188 0.144444
4 0.678516 0.470139 0.061719 0.143056
4 0.748828 0.475000 0.072656 0.144444
4 0.823438 0.446528 0.070312 0.145833
4 0.891797 0.416667 0.052344 0.136111
4 0.827734 0.135417 0.080469 0.151389
4 0.760156 0.154861 0.062500 0.140278
4 0.677734 0.177083 0.066406 0.145833
4 0.617578 0.186111 0.057031 0.127778
4 0.558203 0.222222 0.082031 0.163889
4 0.502734 0.262500 0.110156 0.194444
4 0.021094 0.361806 0.042188 0.148611
