4 0.119141 0.309722 0.069531 0.144444
4 0.199219 0.320833 0.068750 0.163889
4 0.278516 0.339583 0.075781 0.148611
4 0.346484 0.365972 0.063281 0.151389
4 0.410156 0.424306 0.068750 0.154167
4 0.485156 0.448611 0.082813 0.172222
4 0.578516 0.452083 0.072656 0.140278
4 0.642578 0.482639 0.052344 0.118056
4 0.714844 0.499306 0.060938 0.156944
4 0.789453 0.534722 0.085156 0.133333
4 0.851953 0.573611 0.092969 0.175000
4 0.925000 0.595833 0.070312 0.152778
4 0.901563 0.875000 0.079687 0.163889
4 0.762891 0.846528 0.100781 0.181944
4 0.634766 0.797222 0.071094 0.141667
4 0.537891 0.767361 0.096094 0.190278
4 0.425391 0.736806 0.075781 0.187500
4 0.340625 0.701389 0.071875 0.161111
4 0.271875 0.670139 0.065625 0.159722
4 0.204688 0.663194 0.071875 0.179167
4 0.127734 0.618750 0.088281 0.176389
4 0.051172 0.593750 0.050781 0.143056
