4 0.255469 0.450694 0.104687 0.093056
4 0.240234 0.340972 0.117969 0.098611
4 0.233594 0.183333 0.118750 0.108333
4 0.225781 0.077778 0.126563 0.080556
4 0.258984 0.618750 0.117969 0.104167
4 0.266797 0.792361 0.105469 0.090278
4 0.501172 0.906250 0.108594 0.084722
4 0.510547 0.832639 0.102344 0.070833
4 0.487500 0.731250 0.106250 0.093056
4 0.473437 0.655556 0.121875 0.100000
4 0.477344 0.561111 0.106250 0.088889
4 0.475000 0.458333 0.092188 0.055556
4 0.464453 0.388194 0.096094 0.084722
4 0.464063 0.281250 0.115625 0.084722
4 0.442187 0.188194 0.140625 0.101389
4 0.454297 0.101389 0.114844 0.091667
4 0.450391 0.027083 0.105469 0.054167
4 0.273828 0.968056 0.113281 0.063889
4 0.502734 0.978472 0.103906 0.043056
