4 0.044531 0.304861 0.084375 0.137500
4 0.087891 0.367361 0.097656 0.123611
4 0.138672 0.411111 0.096094 0.144444
4 0.212500 0.439583 0.110937 0.151389
4 0.264062 0.506250 0.082813 0.120833
4 0.330859 0.565972 0.074219 0.137500
4 0.377344 0.611806 0.082813 0.126389
4 0.446484 0.660417 0.078906 0.140278
4 0.522266 0.693750 0.114844 0.162500
4 0.570312 0.762500 0.068750 0.155556
4 0.630859 0.815278 0.082031 0.111111
4 0.683984 0.862500 0.077344 0.158333
4 0.756250 0.938194 0.075000 0.101389
4 0.839063 0.941667 0.078125 0.116667
4 0.212891 0.120139 0.128906 0.137500
4 0.351562 0.187500 0.110937 0.150000
4 0.444922 0.297222 0.071094 0.125000
4 0.533984 0.377083 0.110156 0.131944
4 0.633203 0.456250 0.125781 0.170833
4 0.700781 0.508333 0.098438 0.144444
4 0.759375 0.567361 0.085938 0.126389
4 0.814844 0.598611 0.096875 0.166667
4 0.887891 0.678472 0.107031 0.151389
4 0.935156 0.733333 0.076563 0.113889
