4 0.698047 0.088194 0.117969 0.112500
4 0.716406 0.245139 0.085938 0.084722
4 0.752344 0.367361 0.128125 0.106944
4 0.769141 0.519444 0.099219 0.105556
4 0.790625 0.604167 0.115625 0.113889
4 0.781250 0.695833 0.092188 0.091667
4 0.804688 0.779861 0.101562 0.095833
4 0.818359 0.892361 0.097656 0.106944
4 0.819922 0.968750 0.077344 0.054167
4 0.502344 0.038194 0.093750 0.070833
4 0.516797 0.102083 0.136719 0.087500
4 0.521094 0.197917 0.098438 0.106944
4 0.539062 0.272222 0.109375 0.113889
4 0.550391 0.357639 0.088281 0.093056
4 0.563672 0.450000 0.086719 0.113889
4 0.596875 0.542361 0.115625 0.140278
4 0.593359 0.646528 0.088281 0.098611
4 0.600781 0.736806 0.082813 0.084722
4 0.601953 0.804167 0.080469 0.105556
4 0.624609 0.929861 0.094531 0.087500
4 0.644922 0.972222 0.086719 0.050000
