4 0.268750 0.488194 0.121875 0.159722
4 0.335547 0.358333 0.141406 0.175000
4 0.388672 0.236111 0.080469 0.119444
4 0.453125 0.114583 0.129688 0.137500
4 0.226953 0.558333 0.099219 0.147222
4 0.182031 0.654167 0.115625 0.141667
4 0.141797 0.702083 0.114844 0.151389
4 0.082813 0.811806 0.101562 0.151389
4 0.056641 0.893056 0.078906 0.111111
4 0.240234 0.962500 0.071094 0.075000
4 0.293750 0.909722 0.114063 0.141667
4 0.332812 0.824306 0.104687 0.154167
4 0.375781 0.765972 0.109375 0.179167
4 0.394141 0.661111 0.117969 0.155556
4 0.463672 0.583333 0.096094 0.141667
4 0.500000 0.518750 0.085938 0.131944
4 0.545313 0.431250 0.110937 0.148611
4 0.571875 0.336806 0.103125 0.134722
4 0.624609 0.278472 0.139844 0.162500
4 0.663672 0.196528 0.117969 0.148611
4 0.714063 0.116667 0.121875 0.127778
4 0.757031 0.068750 0.135937 0.106944
